0 11 0 10 11 0 11 11 16 20 0 18 15 9 0 0 11 18 10 12 0 10 9 10 15 16 0 9 11 9 11 10 5 0 0 16 16 12 16 9 9 0 9 0 9 15 0 0 12 15 4 0 11 0 4 12 0 11 12 5 10 0 11 9 0 16 9 0 0 0 16 12 0 10 0 0 12 9 10 11 10 11 0 0 16 0 0 9 0 9 10 0 0 0 0 0 0 0 0 0
11 0 0 12 0 11 0 15 0 9 0 0 0 16 0 11 10 16 0 12 10 15 0 16 10 15 0 9 0 12 0 15 0 0 0 12 15 0 15 10 18 15 0 0 12 10 0 11 0 12 12 11 12 10 11 0 0 18 11 5 15 5 0 0 0 4 11 16 0 0 9 11 12 12 10 0 0 0 11 11 10 10 0 0 0 5 0 11 16 12 0 10 0 12 0 0 0 0 9 15
0 0 0 0 9 18 18 9 0 0 12 0 0 12 0 0 9 11 0 0 0 19 10 9 10 15 0 12 12 0 16 5 10 0 0 0 10 12 11 0 0 4 15 0 12 16 0 11 4 0 0 12 0 0 0 12 11 9 4 0 9 11 16 0 11 0 0 12 0 11 10 0 12 0 12 15 0 4 15 0 11 0 0 15 0 0 12 0 9 9 0 0 15 0 0 12 0 12 0 0
10 12 0 0 10 4 15 0 0 5 9 0 0 15 0 9 0 9 10 0 0 11 15 15 9 0 0 11 10 0 10 10 0 0 0 5 11 0 11 10 15 0 4 16 0 12 0 19 9 11 10 0 0 9 15 0 12 9 19 9 9 0 18 0 0 5 5 10 0 15 12 4 4 11 12 10 0 0 5 0 4 10 10 4 0 0 12 9 12 0 18 18 15 9 12 0 0 9 12 11
11 0 9 10 0 10 12 11 12 4 12 16 9 0 9 12 5 9 0 0 10 9 0 9 0 10 12 0 0 11 9 19 15 16 0 15 0 11 16 10 0 0 15 0 0 0 0 4 12 0 19 11 0 0 0 12 5 0 9 4 0 0 0 10 11 10 10 0 0 12 9 9 0 0 0 0 12 10 10 12 0 15 0 16 10 0 0 12 0 11 0 12 0 0 0 0 15 12 10 10
0 11 18 4 10 0 18 0 11 0 11 0 15 15 10 0 0 4 5 9 0 11 9 0 0 12 15 11 4 10 0 10 10 0 0 11 0 15 0 15 11 0 9 0 4 12 10 0 0 5 10 11 12 15 0 0 9 12 0 0 15 0 18 4 0 0 11 0 12 5 9 12 9 12 12 9 11 0 18 0 11 16 12 5 0 0 0 0 9 11 0 5 0 9 15 0 11 9 0 11
11 0 18 15 12 18 0 0 0 0 10 10 0 9 12 0 0 0 0 15 10 15 9 10 10 12 15 12 16 11 15 11 0 11 0 0 9 9 12 0 0 16 12 0 12 12 11 4 0 12 12 0 10 11 0 0 11 5 9 11 10 5 15 11 0 11 12 15 0 9 12 10 0 5 4 10 0 0 16 11 10 11 11 10 15 0 0 0 4 0 0 11 18 4 5 5 0 0 9 11
11 15 9 0 11 0 0 0 16 11 11 9 0 20 0 5 0 10 18 0 11 0 10 12 9 11 10 12 15 10 15 5 0 15 0 11 11 9 11 4 0 0 9 9 0 0 0 11 10 9 12 0 20 11 0 0 12 5 11 11 11 9 10 12 0 9 9 0 0 0 0 10 0 10 9 11 10 0 0 10 0 11 12 9 9 0 10 9 0 0 0 10 16 18 12 5 0 10 9 18
16 0 0 0 12 11 0 16 0 10 0 9 9 20 15 0 0 0 11 0 0 0 0 12 0 10 4 15 12 0 0 5 15 0 0 0 12 0 0 9 10 18 5 0 16 0 0 0 5 9 5 0 0 11 0 10 0 0 0 4 10 9 0 10 10 10 15 0 5 12 5 10 10 16 0 15 9 11 0 0 0 11 5 0 11 0 12 0 0 10 0 0 10 9 0 12 11 12 4 15
20 9 0 5 4 0 0 11 10 0 0 11 0 16 16 11 11 0 0 9 12 0 4 0 10 0 0 0 0 12 12 11 10 0 16 10 12 0 0 0 0 11 16 12 9 0 0 5 0 12 0 15 0 0 15 4 0 0 10 11 0 9 5 9 0 0 10 11 12 5 0 0 10 0 0 12 10 0 0 12 0 0 10 11 11 9 16 0 12 0 0 11 0 9 0 15 0 11 11 0
0 0 12 9 12 11 10 11 0 0 0 10 10 12 15 0 12 18 9 19 4 0 11 0 9 10 0 0 0 5 16 0 19 0 0 16 9 12 0 0 11 5 12 5 9 18 0 12 0 11 12 0 12 11 0 11 11 19 12 15 4 0 12 11 9 16 12 10 0 20 12 10 18 15 12 12 11 9 0 0 10 12 10 0 0 0 0 10 12 0 0 11 4 18 12 4 11 11 10 0
18 0 0 0 16 0 10 9 9 11 10 0 0 9 10 10 0 15 11 0 9 0 0 15 10 0 0 12 11 12 0 0 0 0 11 15 9 0 11 5 0 11 0 9 11 10 0 10 12 0 0 9 0 10 0 15 0 10 10 12 15 9 11 0 0 10 11 0 0 11 10 9 0 5 10 15 19 9 0 10 10 12 12 10 0 9 0 9 12 11 0 12 5 16 9 16 4 12 0 0
15 0 0 0 9 15 0 0 9 0 10 0 0 9 0 11 9 12 15 10 0 10 11 12 0 12 0 0 0 4 10 0 0 11 10 0 0 0 11 9 0 10 12 12 11 0 15 10 19 9 4 0 0 0 18 0 10 11 9 0 0 0 10 5 5 0 0 10 0 0 12 0 10 10 19 0 10 11 11 0 12 0 11 0 11 10 0 10 0 0 11 12 0 0 0 15 16 10 0 12
9 16 12 15 0 15 9 20 20 16 12 9 9 0 0 0 15 9 9 16 10 12 16 9 10 0 0 15 0 9 0 11 0 0 0 0 11 16 9 16 0 9 0 11 12 10 0 9 11 0 9 0 0 0 0 4 0 0 0 0 15 16 11 0 5 9 4 5 0 5 0 10 0 0 0 12 0 11 12 0 12 11 0 10 0 10 0 12 10 0 15 0 12 0 12 10 12 12 10 0
0 0 0 0 9 10 12 0 15 16 15 10 0 0 0 0 0 0 0 16 0 11 0 12 15 5 0 18 0 0 0 0 0 0 0 5 0 9 11 11 16 0 5 10 0 0 12 11 0 0 0 0 0 15 10 0 0 15 11 0 0 12 4 0 12 15 12 0 9 11 0 0 0 0 0 10 0 12 15 11 10 0 10 11 0 15 11 0 12 0 18 0 5 9 0 9 0 0 9 12
0 11 0 9 12 0 0 5 0 11 0 10 11 0 0 0 5 9 10 4 5 12 15 16 0 5 0 12 12 4 10 5 0 0 12 9 18 9 9 12 0 10 0 11 10 9 4 18 0 0 0 16 12 0 0 0 10 0 0 0 11 12 0 4 5 0 0 10 11 11 9 0 4 0 18 10 0 15 5 9 9 0 4 15 16 0 0 11 0 0 10 0 0 10 4 10 12 12 12 0
11 10 9 0 5 0 0 0 0 11 12 0 9 15 0 5 0 0 16 11 0 4 11 4 9 10 5 0 0 11 0 12 0 0 9 4 0 0 0 0 12 0 0 10 15 0 0 0 9 0 0 9 10 11 18 0 0 9 4 16 10 15 5 4 0 9 0 15 0 0 0 9 10 19 10 10 0 0 0 9 10 11 10 11 0 0 10 0 4 10 11 10 0 4 4 0 11 15 4 4
18 16 11 9 9 4 0 10 0 0 18 15 12 9 0 9 0 0 0 11 11 12 10 0 12 9 0 0 0 12 0 12 0 9 0 11 10 0 0 12 10 12 5 11 0 20 16 0 0 12 16 4 5 11 16 5 11 0 10 11 15 0 10 15 0 12 12 11 0 0 18 11 0 4 0 0 0 19 10 10 0 0 11 0 15 0 18 0 0 0 0 4 16 11 9 9 0 11 0 5
10 0 0 10 0 5 0 18 11 0 9 11 15 9 0 10 16 0 0 15 0 0 5 0 18 9 10 12 12 0 0 0 5 10 15 12 9 10 9 10 0 0 0 0 5 9 12 0 0 0 10 9 0 19 9 10 12 0 11 0 5 15 15 11 12 0 10 16 0 4 0 0 9 10 0 12 0 9 0 11 10 0 12 0 0 0 0 0 0 12 0 4 9 18 0 0 10 16 0 12
12 12 0 0 0 9 15 0 0 9 19 0 10 16 16 4 11 11 15 0 12 15 0 0 12 0 12 12 16 0 12 11 0 11 5 0 0 0 9 11 9 12 12 5 10 0 0 11 12 9 9 5 12 15 10 0 10 4 10 10 0 0 15 0 10 12 12 0 0 0 11 18 0 4 10 0 5 10 10 11 0 0 12 9 0 0 18 10 0 12 9 12 12 11 11 0 10 0 0 0
0 10 0 0 10 0 10 11 0 12 4 9 0 10 0 5 0 11 0 12 0 0 15 12 0 19 11 15 12 12 18 15 10 0 9 5 12 0 12 16 4 12 18 9 11 12 12 15 11 0 0 0 15 5 0 9 0 11 15 12 0 0 10 10 16 0 9 4 11 0 20 9 5 0 0 15 15 9 11 4 0 11 10 10 0 5 0 0 12 12 0 12 11 11 16 19 15 12 0 0
10 15 19 11 9 11 15 0 0 0 0 0 10 12 11 12 4 12 0 15 0 0 0 10 18 0 9 16 0 0 12 5 0 10 0 0 0 0 9 4 0 0 0 0 0 0 16 0 12 11 10 0 0 0 0 9 12 12 0 0 12 0 0 11 15 15 12 5 0 11 0 12 0 4 0 11 0 0 12 0 10 11 18 0 0 0 0 16 9 0 0 0 0 0 19 9 10 9 0 0
9 0 10 15 0 9 9 10 0 4 11 0 11 16 0 15 11 10 5 0 15 0 0 12 12 12 0 5 4 10 11 10 0 9 4 15 10 0 0 10 5 15 0 16 16 0 0 11 0 0 11 0 5 0 12 15 0 0 11 11 0 19 11 12 0 0 5 12 0 5 11 12 12 0 0 0 9 15 0 10 10 15 12 0 18 0 12 5 0 15 12 9 16 5 0 0 0 0 9 9
10 16 9 15 9 0 10 12 12 0 0 15 12 9 12 16 4 0 0 0 12 10 12 0 11 18 12 0 11 0 0 19 4 11 0 10 15 0 9 0 0 10 12 11 9 16 0 9 4 9 12 11 18 11 11 0 11 11 0 0 0 9 5 0 10 15 12 4 0 0 10 9 9 0 11 0 0 19 0 15 12 0 9 9 4 15 15 0 16 9 0 11 0 0 10 0 0 0 0 15
15 10 10 9 0 0 10 9 0 10 9 10 0 10 15 0 9 12 18 12 0 18 12 11 0 0 0 15 0 0 0 9 0 0 4 11 11 16 0 0 4 11 0 0 9 9 12 0 9 0 15 12 12 9 0 11 0 0 10 12 0 0 0 0 0 0 12 12 0 0 0 0 12 0 19 9 0 9 0 5 0 10 0 11 0 0 0 10 12 11 9 9 5 0 0 16 16 11 12 10
16 15 15 0 10 12 12 11 10 0 10 0 12 0 5 5 10 9 9 0 19 0 12 18 0 0 10 0 0 0 10 0 0 0 12 10 10 15 0 0 0 11 5 0 9 0 0 4 11 9 15 0 16 0 12 12 0 0 19 15 0 15 0 15 12 5 0 15 12 0 0 5 10 12 0 5 9 10 0 0 16 0 0 12 0 10 0 16 12 12 4 0 10 11 11 5 18 0 10 18
0 0 0 0 12 15 15 10 4 0 0 0 0 0 0 0 5 0 10 12 11 9 0 12 0 10 0 0 0 11 0 0 18 12 11 12 5 0 12 4 0 0 0 0 9 12 0 9 0 0 10 0 15 0 0 10 11 12 5 0 0 15 16 15 12 10 15 4 12 0 0 5 11 4 0 0 9 4 15 0 19 11 12 5 0 0 11 12 9 16 11 18 0 10 0 11 0 11 0 4
9 9 12 11 0 11 12 12 15 0 0 12 0 15 18 12 0 0 12 12 15 16 5 0 15 0 0 0 0 4 11 18 11 12 15 0 5 0 0 0 0 10 0 0 10 5 12 11 0 0 15 0 0 0 0 0 18 4 0 0 0 0 4 4 0 0 11 11 4 5 0 0 12 10 0 0 9 9 0 12 0 16 0 16 15 12 12 16 11 0 0 11 4 11 10 15 0 9 0 0
11 0 12 10 0 4 16 15 12 0 0 11 0 0 0 12 0 0 12 16 12 0 4 11 0 0 0 0 0 15 16 0 0 11 18 11 0 0 11 11 12 0 0 9 9 0 4 10 19 12 11 0 10 4 9 10 11 12 0 5 15 0 0 4 4 0 10 11 12 15 11 11 0 0 5 12 4 0 0 0 10 12 0 0 16 10 9 0 0 0 11 0 0 5 10 10 12 0 0 0
9 12 0 0 11 10 11 10 0 12 5 12 4 9 0 4 11 12 0 0 12 0 10 0 0 0 11 4 15 0 11 9 10 12 0 19 10 9 11 12 0 0 0 12 15 9 0 0 10 9 0 0 9 5 9 0 12 16 15 0 5 0 0 15 11 5 11 0 0 0 5 0 0 11 0 10 5 0 12 0 0 0 0 12 5 10 15 0 0 12 15 11 15 0 9 0 0 0 12 0
11 0 16 10 9 0 15 15 0 12 16 0 10 0 0 10 0 0 0 12 18 12 11 0 0 10 0 11 16 11 0 12 11 11 0 0 12 0 16 0 0 10 0 9 10 5 5 16 0 11 9 0 0 0 0 12 0 0 0 0 10 12 15 9 0 0 15 10 0 0 0 0 0 0 0 0 12 12 9 0 4 12 9 0 0 11 0 0 0 0 0 0 0 0 9 4 12 10 12 5
10 15 5 10 19 10 11 5 5 11 0 0 0 11 0 5 12 12 0 11 15 5 10 19 9 0 0 18 0 9 12 0 0 4 11 0 15 12 12 18 15 0 4 4 15 10 4 11 0 9 0 0 10 0 12 0 16 12 12 15 5 0 0 12 16 0 0 0 0 9 0 15 0 0 0 0 10 0 9 11 9 12 12 15 11 0 0 0 0 15 15 0 18 15 12 0 11 10 5 0
5 0 10 0 15 10 0 0 15 10 19 0 0 0 0 0 0 0 5 0 10 0 0 4 0 0 18 11 0 10 11 0 0 0 0 11 4 12 16 9 9 10 18 0 0 0 0 0 0 11 0 0 0 0 9 9 0 10 5 11 0 5 0 0 0 12 10 0 0 10 0 0 9 0 16 12 0 10 0 0 10 0 12 0 0 11 0 9 16 18 12 0 9 0 16 10 12 10 19 4
0 0 0 0 16 0 11 15 0 0 0 0 11 0 0 0 0 9 10 11 0 10 9 11 0 0 12 12 11 12 11 4 0 0 20 9 15 15 16 10 0 0 9 11 0 12 10 18 9 0 9 12 0 10 16 5 0 9 0 0 0 0 0 10 15 15 0 4 9 0 11 0 10 0 15 0 0 11 11 9 0 10 11 0 9 16 12 0 11 5 0 12 0 10 9 0 9 9 15 16
0 0 0 0 0 0 0 0 0 16 0 11 10 0 0 12 9 0 15 5 9 0 4 0 4 12 11 15 18 0 0 11 0 20 0 0 0 4 0 12 0 0 5 10 12 0 0 0 11 0 11 0 15 0 0 12 12 11 15 0 12 10 15 9 0 12 15 12 16 0 0 9 16 11 0 12 0 0 12 12 0 0 0 0 12 0 4 12 0 11 11 11 0 10 0 0 11 11 0 9
16 12 0 5 15 11 0 11 0 10 16 15 0 0 5 9 4 11 12 0 5 0 15 10 11 10 12 0 11 19 0 0 11 9 0 0 10 16 0 15 0 12 0 16 11 15 10 9 9 0 12 16 0 0 15 11 12 12 0 12 0 12 16 4 0 10 11 9 0 12 0 20 10 15 12 15 5 10 0 0 9 9 15 12 12 10 0 10 11 0 0 9 0 16 11 0 12 0 16 10
16 15 10 11 0 0 9 11 12 12 9 9 0 11 0 18 0 10 9 0 12 0 10 15 11 10 5 5 0 10 12 15 4 15 0 10 0 0 0 0 10 12 12 0 12 0 18 9 12 9 10 0 0 0 11 12 0 10 5 15 0 10 0 12 0 11 18 11 4 9 0 0 15 4 0 0 10 11 10 0 10 0 4 12 12 0 9 0 12 11 16 0 0 9 10 10 0 4 0 0
12 0 12 0 11 15 9 9 0 0 12 0 0 16 9 9 0 0 10 0 0 0 0 0 16 15 0 0 0 9 0 12 12 15 4 16 0 0 0 0 11 5 0 15 12 12 9 0 16 9 0 5 11 0 12 0 10 4 11 11 0 5 11 0 0 0 0 12 5 0 5 12 5 0 11 0 0 0 0 16 10 0 11 11 9 16 11 10 0 0 9 0 0 11 10 5 16 0 0 9
16 15 11 11 16 0 12 11 0 0 0 11 11 9 11 9 0 0 9 9 12 9 0 9 0 0 12 0 11 11 16 12 16 16 0 0 0 0 0 11 0 0 5 9 11 9 0 9 11 11 16 11 10 0 10 18 5 11 9 12 11 11 11 10 0 10 11 0 15 10 0 10 9 9 10 4 11 10 12 0 0 0 0 4 0 0 0 0 5 11 0 5 0 0 10 18 5 18 5 10
9 10 0 10 10 15 0 4 9 0 0 5 9 16 11 12 0 12 10 11 16 4 10 0 0 0 4 0 11 12 0 18 9 10 12 15 0 0 11 0 10 5 5 0 0 9 0 11 12 0 0 0 15 12 0 9 18 18 9 0 0 5 0 16 0 18 11 0 16 12 0 5 0 0 0 9 0 9 11 0 0 11 16 11 0 10 10 0 0 0 11 12 10 11 4 11 10 0 10 0
9 18 0 15 0 11 0 0 10 0 11 0 0 0 16 0 12 10 0 9 4 0 5 0 4 0 0 0 12 0 0 15 9 0 0 0 10 11 0 10 0 0 9 11 9 0 0 16 0 10 0 0 12 9 12 5 0 0 0 15 0 0 10 10 0 11 0 0 0 5 0 12 10 5 12 0 0 0 0 9 0 0 16 0 9 11 11 0 11 0 10 0 12 15 15 0 0 12 5 11
0 15 4 0 0 0 16 0 18 11 5 11 10 9 0 10 0 12 0 12 12 0 15 10 11 11 0 10 0 0 10 0 10 0 0 12 12 5 0 5 0 0 10 10 12 11 0 15 4 10 5 16 16 0 18 15 10 0 10 0 15 9 10 12 0 16 5 11 0 10 0 0 4 4 0 0 0 5 10 12 12 9 4 0 0 0 0 0 12 10 11 4 10 0 0 0 10 10 11 0
9 0 15 4 15 9 12 9 5 16 12 0 12 0 5 0 0 5 0 12 18 0 0 12 0 5 0 0 0 0 0 4 18 9 5 0 12 0 5 5 9 10 0 10 18 0 18 9 18 0 5 0 0 12 10 0 12 0 10 0 0 0 10 4 0 10 0 0 0 0 12 9 0 18 0 0 12 0 0 16 12 15 9 18 12 0 0 12 0 4 4 0 0 18 0 0 15 18 0 16
0 0 0 16 0 0 0 9 0 12 5 9 12 11 10 11 10 11 0 5 9 0 16 11 0 0 0 0 9 12 9 4 0 11 10 16 0 15 9 0 11 10 10 0 11 0 10 10 0 0 10 0 11 4 0 19 15 9 12 11 9 12 0 15 16 9 11 16 11 0 16 5 9 0 5 9 0 0 10 0 10 0 0 0 19 0 11 0 0 4 0 9 10 0 10 5 10 11 12 0
9 12 12 0 0 4 12 0 16 9 9 11 11 12 0 10 15 0 5 10 11 0 16 9 9 9 9 10 9 15 10 15 0 0 12 11 12 12 11 0 9 12 18 11 0 11 0 0 10 4 0 12 10 0 0 16 0 11 10 12 0 10 0 11 9 0 15 9 11 10 18 0 0 0 9 16 12 0 9 0 10 9 4 0 11 15 0 11 4 0 0 15 10 16 0 0 0 0 11 0
15 10 16 12 0 12 12 0 0 0 18 10 0 10 0 9 0 20 9 0 12 0 0 16 9 0 12 5 0 9 5 10 0 12 0 15 0 12 9 9 0 11 0 0 11 0 0 0 10 4 16 16 0 0 10 15 0 0 0 11 0 0 4 0 0 10 12 5 0 11 0 19 11 0 11 11 0 15 15 5 12 0 0 5 12 9 11 5 10 0 0 0 0 0 19 12 0 16 9 9
0 0 0 0 0 10 11 0 0 0 0 0 15 0 12 4 0 16 12 0 12 16 0 0 12 0 0 12 4 0 5 4 0 10 0 10 18 9 0 0 0 0 18 10 0 0 0 0 4 11 11 0 12 15 9 10 0 16 0 0 5 0 10 0 9 15 18 12 0 0 0 9 0 0 12 0 0 15 12 11 0 10 5 10 0 0 0 5 0 9 16 0 0 5 0 5 4 0 0 9
0 11 11 19 4 0 4 11 0 5 12 10 10 9 11 18 0 0 0 11 15 0 11 9 0 4 9 11 10 0 16 11 0 18 0 9 9 0 9 11 16 15 9 10 0 0 0 0 0 12 10 16 4 15 0 10 15 12 11 10 10 16 16 0 11 10 0 11 0 0 0 16 0 0 0 16 15 12 0 0 0 9 0 11 12 10 0 10 0 11 15 11 0 19 19 4 11 0 9 10
12 0 4 9 12 0 0 10 5 0 0 12 19 11 0 0 9 0 0 12 11 12 0 4 9 11 0 0 19 10 0 0 0 9 11 9 12 16 11 12 0 4 18 0 10 10 4 0 0 0 0 0 9 10 0 0 0 0 0 0 0 0 0 10 11 5 12 5 0 9 10 0 0 11 0 11 11 0 9 16 15 16 16 0 12 0 0 5 0 0 0 12 0 16 15 0 5 0 0 0
15 12 0 11 0 5 12 9 9 12 11 0 9 0 0 0 0 12 0 9 0 11 0 9 0 9 0 0 12 9 11 9 11 0 0 0 9 9 11 0 10 10 0 0 4 4 11 12 0 0 0 18 0 0 12 10 0 11 5 10 11 10 11 12 12 12 0 0 0 12 0 12 18 10 11 0 16 0 0 10 0 0 9 11 12 9 0 0 11 12 0 16 5 9 10 0 11 0 10 12
4 12 0 10 19 10 12 12 5 0 12 0 4 9 0 0 0 16 10 9 0 10 11 12 15 15 10 15 11 0 9 0 0 9 11 12 10 0 16 0 0 5 5 10 0 16 11 10 0 0 0 12 12 11 0 0 12 9 0 0 19 16 11 0 0 12 4 0 0 0 0 10 0 19 10 0 11 4 0 12 10 0 10 0 0 9 0 11 12 10 12 0 12 0 9 4 5 12 0 10
0 11 12 0 11 11 0 0 0 15 0 9 0 0 0 16 9 4 9 5 0 0 0 11 12 0 0 0 0 0 0 0 0 12 0 16 0 5 11 0 0 16 0 0 12 16 0 16 0 18 12 0 0 12 0 0 10 0 12 12 0 9 0 9 12 0 0 0 0 16 9 5 0 0 0 10 11 0 10 12 11 11 9 11 12 10 19 0 0 12 15 16 10 9 11 0 19 19 0 0
11 12 0 0 0 12 10 20 0 0 12 0 0 0 0 12 10 5 0 12 15 0 5 18 12 16 15 0 10 9 0 10 0 0 15 0 0 11 10 15 12 16 0 11 10 0 12 4 9 0 12 0 0 12 0 0 0 0 0 0 0 0 0 0 11 4 15 11 10 10 12 19 0 0 12 10 0 10 0 12 0 0 0 4 0 0 11 10 4 11 0 11 0 16 0 0 15 0 0 5
0 10 0 9 0 15 11 11 11 0 11 10 0 0 15 0 11 11 19 15 5 0 0 11 9 0 0 0 4 5 0 0 0 10 0 0 0 0 0 12 9 0 12 4 0 0 15 15 10 0 11 12 12 0 5 0 12 0 12 10 12 0 0 0 0 5 10 10 0 4 15 12 9 10 9 16 0 0 12 9 0 12 0 5 12 4 16 0 9 0 18 0 12 0 15 4 0 11 12 16
4 11 0 15 0 0 0 0 0 15 0 0 18 0 10 0 18 16 9 10 0 0 12 11 0 12 0 0 9 9 0 12 9 16 0 15 11 12 10 0 12 18 10 0 0 10 9 0 0 12 0 0 0 5 0 0 9 9 0 11 16 16 0 10 0 9 11 9 0 4 11 11 12 15 0 0 0 12 0 12 0 4 9 0 19 10 0 0 0 0 9 10 0 0 0 11 0 0 15 0
12 0 12 0 12 0 0 0 10 4 11 15 0 4 0 0 0 5 10 0 9 9 15 0 11 12 10 0 10 0 12 0 9 5 12 11 12 0 18 9 5 15 0 19 16 15 10 10 0 10 0 0 0 0 0 0 15 0 0 0 12 10 9 0 0 0 11 16 0 11 16 0 0 10 12 18 9 0 11 10 10 16 11 4 11 12 12 10 0 16 0 9 12 15 0 0 10 10 11 0
0 0 11 12 5 9 11 12 0 0 11 0 10 0 0 10 0 11 12 10 0 12 0 11 0 0 11 18 11 12 0 16 0 0 12 12 0 10 5 18 0 10 12 15 0 0 0 15 0 0 12 10 0 12 9 15 0 5 16 0 12 10 11 4 12 16 0 0 9 0 0 0 9 0 0 10 10 11 0 12 4 5 9 0 15 11 0 10 18 11 0 12 9 18 5 12 0 0 0 12
11 18 9 9 0 12 5 5 0 0 19 10 11 0 15 0 9 0 0 4 11 12 0 11 0 0 12 4 12 16 0 12 10 9 11 12 10 4 11 18 0 0 0 9 11 0 16 12 0 11 9 0 0 0 9 0 5 0 4 0 4 0 5 0 0 12 5 0 0 15 4 12 0 9 11 0 10 10 0 12 0 0 16 15 0 0 0 5 9 0 0 11 5 9 0 9 0 0 0 11
12 11 4 19 9 0 9 11 0 10 12 10 9 0 11 0 4 10 11 10 15 0 11 0 10 19 5 0 0 15 0 12 5 0 15 0 5 11 9 9 0 10 10 12 10 0 0 11 0 5 0 12 0 12 0 0 16 4 0 5 4 11 15 0 12 0 0 0 4 12 16 10 0 16 0 10 4 10 16 0 15 5 5 0 0 0 9 9 0 0 0 5 0 9 9 0 0 0 15 10
5 5 0 9 4 0 11 11 4 11 15 12 0 0 0 0 16 11 0 10 12 0 11 0 12 15 0 0 5 0 0 15 11 0 0 12 15 11 12 0 15 0 0 11 12 11 0 10 0 10 0 12 0 10 11 0 0 0 5 0 0 0 11 9 5 0 9 0 4 5 9 12 0 0 0 5 5 11 18 0 10 9 0 15 10 0 11 0 0 0 10 0 11 12 11 4 0 20 0 9
10 15 9 9 0 15 10 11 10 0 4 15 0 15 0 11 10 15 5 0 0 12 0 0 0 0 0 0 15 5 10 5 0 0 12 0 0 0 11 0 0 15 0 9 0 0 5 10 0 11 19 0 0 12 16 12 12 4 4 0 0 0 10 0 0 10 10 0 0 0 4 11 0 9 16 11 12 16 12 4 15 0 12 18 0 0 10 0 0 0 0 5 9 0 11 9 0 0 0 9
0 5 11 0 0 0 5 9 9 9 0 9 0 16 12 12 15 0 15 0 0 0 19 9 0 15 15 0 0 0 12 0 5 0 10 12 10 5 11 5 0 9 0 12 10 0 0 16 0 10 16 9 0 0 16 10 10 0 11 0 0 0 10 11 11 0 10 0 0 0 0 10 0 4 0 0 12 5 0 0 16 12 5 19 9 16 12 0 0 12 16 4 0 0 15 9 0 10 0 0
11 0 16 18 0 18 15 10 0 5 12 11 10 11 4 0 5 10 15 15 10 0 11 5 0 0 16 4 0 0 15 0 0 0 15 16 0 11 11 0 10 10 10 0 0 4 10 16 0 11 11 0 0 0 0 9 11 5 15 11 10 10 0 0 10 10 0 12 5 0 11 5 15 10 16 12 16 0 0 0 0 0 0 10 0 0 10 10 12 0 0 0 11 9 5 11 4 16 16 4
9 0 0 0 10 4 11 12 10 9 11 0 5 0 0 4 4 15 11 0 10 11 12 0 0 15 15 4 4 15 9 12 0 10 9 4 12 0 10 16 10 12 4 15 11 0 0 0 10 12 0 9 0 0 10 0 4 0 0 9 0 11 0 0 11 12 10 15 10 0 0 10 0 0 0 15 16 10 0 0 0 15 15 0 0 12 5 0 5 0 0 0 0 16 0 5 0 0 0 12
0 0 11 0 11 0 0 0 10 0 9 0 5 5 12 5 0 0 12 10 16 15 0 10 0 12 12 0 4 11 0 16 0 15 0 0 0 0 0 0 0 0 0 16 9 0 9 11 11 12 0 12 11 0 0 0 12 0 12 5 0 11 10 11 0 16 16 12 11 5 12 5 0 4 5 15 4 12 5 10 12 0 11 0 0 12 9 0 0 0 0 9 12 0 12 0 11 0 9 0
16 4 0 5 10 0 11 9 10 0 16 10 0 9 15 0 9 12 0 12 0 15 0 15 0 5 10 0 0 5 0 0 12 15 12 10 11 0 10 18 11 16 10 9 0 10 15 10 5 12 12 0 4 5 9 0 16 12 0 0 10 0 10 12 16 0 15 11 11 0 9 12 4 10 0 0 11 9 16 5 10 11 0 9 9 5 10 0 12 16 9 0 16 0 9 15 9 18 0 0
9 11 0 5 10 11 12 9 15 10 12 11 0 4 12 0 0 12 10 12 9 12 5 12 12 0 15 11 10 11 15 0 10 0 15 11 18 0 11 11 0 5 0 11 15 12 18 0 12 0 4 0 15 10 11 11 0 5 0 9 10 10 0 10 16 15 0 0 10 0 0 11 11 0 0 10 12 4 5 18 12 15 0 0 12 0 0 9 0 12 0 12 12 10 10 9 9 0 10 11
0 16 12 10 0 0 15 0 0 11 10 0 10 5 0 10 15 11 16 0 4 5 12 4 12 15 4 11 11 0 10 0 0 4 12 9 11 12 0 0 0 11 0 16 9 5 12 11 5 0 0 0 11 10 9 16 0 0 0 0 0 0 12 15 12 11 0 0 0 11 10 0 12 0 11 0 12 15 0 9 12 5 0 10 11 0 11 0 11 0 10 9 9 0 10 9 5 0 0 0
0 0 0 0 0 12 0 0 5 12 0 0 0 0 9 11 0 0 0 0 11 0 0 0 0 12 12 4 12 0 0 0 0 9 16 0 4 5 15 16 0 0 0 11 11 0 0 0 0 0 0 0 10 0 0 0 9 0 4 4 0 0 5 10 11 11 10 0 0 10 0 5 10 0 0 0 0 16 0 5 0 12 0 0 12 16 0 0 10 5 9 9 11 12 18 0 0 11 0 0
0 0 11 15 12 5 9 0 12 5 20 11 0 5 11 11 0 0 4 0 0 11 5 0 0 0 0 5 15 0 0 9 10 0 0 12 9 0 10 12 5 10 0 0 10 11 0 0 9 12 0 16 10 4 4 11 0 15 12 5 0 0 0 0 5 0 0 11 10 0 12 12 10 0 0 0 0 0 0 0 0 0 5 16 0 4 10 4 15 18 0 0 9 0 11 19 15 15 0 4
16 9 10 12 9 9 12 0 5 0 12 10 12 0 0 9 0 18 0 11 20 0 11 10 0 0 0 0 11 5 0 0 0 11 0 0 0 5 0 0 0 0 12 16 18 0 0 0 10 0 0 9 12 15 11 16 0 4 16 9 4 0 11 0 12 9 0 10 0 12 0 9 4 0 15 4 5 0 12 11 11 10 16 12 15 11 12 12 0 9 0 12 0 0 4 0 10 11 0 0
12 11 0 4 9 12 10 10 10 0 10 9 0 10 0 0 9 11 0 18 9 12 12 9 0 5 5 0 11 0 0 15 0 0 9 20 0 12 10 5 12 0 9 5 0 19 9 16 0 12 10 5 19 12 11 0 0 12 10 12 11 10 5 10 5 12 11 0 5 12 9 0 0 0 10 15 0 0 10 0 0 12 5 10 16 5 16 15 0 0 10 12 0 5 0 12 19 5 0 15
0 12 12 4 0 9 0 0 10 10 18 0 10 0 0 4 10 0 9 0 5 0 12 9 12 10 11 12 0 0 0 0 9 10 16 10 15 5 9 0 10 4 0 9 0 11 0 0 0 18 0 0 0 9 12 0 9 0 0 0 0 0 15 0 0 4 11 12 10 10 4 0 0 0 0 11 0 0 0 0 0 4 10 0 12 12 15 0 0 0 0 0 0 15 12 0 10 12 12 9
10 12 0 11 0 12 5 10 16 0 15 5 10 0 0 0 19 4 10 4 0 4 0 0 0 12 4 10 0 11 0 0 0 0 11 15 4 0 9 0 5 4 18 0 0 0 0 0 11 10 19 0 0 10 15 10 0 9 16 0 9 4 10 0 4 10 0 0 0 0 0 0 0 0 10 9 0 0 0 0 0 10 0 10 0 11 0 10 0 0 11 5 12 4 12 11 12 0 0 4
0 10 12 12 0 12 4 9 0 0 12 10 19 0 0 18 10 0 0 10 0 0 0 11 19 0 0 0 5 0 0 0 16 15 0 12 0 11 10 0 12 0 0 5 9 11 12 0 0 11 10 0 12 9 0 12 0 11 0 0 16 0 16 0 5 0 0 11 0 0 15 10 0 10 0 11 9 10 0 0 12 10 0 12 19 0 11 5 4 12 10 12 0 0 12 9 11 11 9 9
0 0 15 10 0 9 10 11 15 12 12 15 0 12 10 10 10 0 12 0 15 11 0 0 9 5 0 0 12 10 0 0 12 0 12 15 0 0 4 9 0 0 0 9 16 11 0 16 11 0 0 10 10 16 0 18 10 0 10 5 11 0 12 15 15 0 10 0 0 0 4 15 11 9 11 0 12 10 16 0 11 10 0 9 16 0 11 0 18 0 11 15 0 16 12 5 0 11 0 11
12 0 0 0 12 11 0 10 9 10 11 19 10 0 0 0 0 0 0 5 15 0 9 0 0 9 9 9 4 5 12 10 0 0 0 5 10 0 11 0 0 0 12 0 12 0 0 15 11 16 11 11 0 0 0 9 10 10 4 5 12 12 16 16 4 11 12 12 0 0 5 0 0 0 9 12 0 5 15 0 0 11 4 11 0 19 16 15 10 11 9 11 11 12 11 0 0 0 0 11
9 0 4 0 10 0 0 0 11 0 9 9 11 11 12 15 0 19 9 10 9 0 15 19 9 10 4 9 0 0 12 0 10 11 0 10 11 0 10 9 0 5 0 0 0 15 15 12 0 0 4 0 10 0 12 0 11 10 10 11 16 5 0 10 12 9 4 15 16 0 0 0 0 0 10 10 5 0 10 9 11 10 0 0 10 0 0 9 0 11 0 11 4 0 0 11 5 0 5 0
10 11 15 5 10 18 16 0 0 0 0 0 11 12 15 5 0 10 0 10 11 12 0 0 0 0 15 0 0 12 9 9 0 11 12 0 10 0 12 11 0 10 0 10 9 15 12 0 9 0 0 10 0 12 0 11 0 0 16 18 12 0 0 0 5 16 5 0 0 0 12 10 0 0 0 16 15 10 0 4 0 18 12 10 16 0 10 0 0 0 12 16 18 0 0 9 10 11 9 0
11 11 0 0 12 0 11 10 0 12 0 10 0 0 11 9 9 10 11 11 4 0 10 15 5 0 0 12 0 0 0 11 0 9 12 0 0 16 0 0 9 12 16 0 0 5 11 0 16 10 12 12 12 9 12 10 12 12 0 0 4 0 0 0 10 5 18 9 5 0 11 0 0 0 0 0 0 9 4 0 15 0 0 0 9 10 0 0 11 10 12 0 16 0 18 0 0 0 15 9
10 10 11 4 0 11 10 0 0 0 10 10 12 12 10 9 10 0 10 0 0 10 10 12 0 16 19 0 10 0 4 9 10 0 0 9 10 10 0 0 0 12 12 10 10 12 0 0 15 0 10 11 0 0 0 10 4 0 15 10 15 16 0 0 12 10 12 12 0 0 11 0 0 0 12 11 0 11 0 15 0 12 9 0 12 0 0 9 12 9 0 0 0 0 0 0 10 10 9 9
11 10 0 10 15 16 11 11 11 0 12 12 0 11 0 0 11 0 0 0 11 11 15 0 10 0 11 16 12 0 12 12 0 10 0 9 0 0 0 11 0 9 15 0 9 0 10 9 16 0 0 11 0 12 4 16 5 0 5 9 0 12 0 15 0 11 15 5 12 0 10 12 4 10 10 10 11 10 18 0 12 0 15 0 5 5 4 11 0 0 0 0 10 10 0 12 0 15 11 12
0 0 0 10 0 12 11 12 5 10 10 12 11 0 10 4 10 11 12 12 10 18 12 9 0 0 12 0 0 0 9 12 12 11 0 15 4 11 0 16 16 4 9 0 4 0 5 0 16 9 10 9 0 0 9 11 9 16 5 0 12 5 0 15 11 0 0 0 0 5 16 5 10 0 0 0 4 0 12 0 9 15 0 0 11 16 11 11 12 0 15 15 0 0 5 9 0 9 0 4
0 0 15 4 16 5 10 9 0 11 0 10 0 10 11 15 11 0 0 9 10 0 0 9 11 12 5 16 0 12 0 15 0 0 0 12 12 11 4 11 0 0 18 0 0 5 10 11 0 11 0 11 4 5 0 4 0 15 0 15 18 19 10 0 0 9 0 10 0 16 12 10 0 10 12 9 11 0 10 0 0 0 0 0 0 4 9 15 5 0 0 12 0 10 12 10 10 10 11 0
16 0 0 0 10 0 15 9 11 11 0 0 11 0 0 16 0 15 0 0 0 0 18 4 0 0 0 15 16 5 0 11 0 9 12 12 12 9 0 0 9 0 12 19 11 12 0 12 12 12 0 12 0 12 19 11 15 0 0 10 0 9 0 0 0 9 12 11 12 0 15 16 12 0 19 16 0 10 16 9 12 5 11 0 0 11 11 11 11 0 0 0 12 11 15 4 15 0 0 0
0 5 0 0 0 0 0 0 0 9 0 9 10 10 15 0 0 0 0 0 5 0 0 15 0 10 0 12 10 10 11 0 11 16 0 10 0 16 0 10 11 0 0 0 15 9 0 10 0 9 9 10 0 4 10 12 11 0 0 0 0 16 0 12 12 5 0 0 16 4 11 5 12 11 0 0 19 0 0 10 0 5 16 4 11 0 0 0 15 0 12 10 12 0 0 12 0 9 0 12
0 0 12 12 0 0 0 10 12 16 0 0 0 0 11 0 10 18 0 18 0 0 12 15 0 0 11 12 9 15 0 0 0 12 4 0 9 11 0 10 11 0 0 11 0 11 0 0 0 0 0 19 11 16 0 12 0 0 9 11 10 12 10 5 9 10 0 11 0 10 12 16 15 0 11 11 16 0 10 0 0 4 11 9 11 0 0 10 0 10 0 0 0 9 5 16 0 0 0 12
9 11 0 9 12 0 0 9 0 0 10 9 10 12 0 11 0 0 0 10 0 16 5 0 10 16 12 16 0 0 0 0 9 0 12 10 0 10 0 0 0 0 12 0 11 5 5 10 5 0 11 0 10 0 0 10 10 5 9 0 0 0 10 0 0 0 9 0 0 4 12 15 0 10 5 0 15 9 0 0 9 11 11 15 11 0 10 0 9 12 0 15 0 0 0 12 10 0 10 0
0 16 9 12 0 9 4 0 0 12 12 12 0 10 12 0 4 0 0 0 12 9 0 16 12 12 9 11 0 0 0 0 16 11 0 11 12 0 5 0 11 12 0 0 4 10 0 0 0 11 12 0 4 9 0 0 18 9 0 0 0 0 12 5 0 12 0 11 10 15 0 0 0 0 4 18 10 0 0 11 12 0 12 5 11 15 0 9 0 0 0 0 15 0 9 10 11 9 0 0
9 12 9 0 11 11 0 0 10 0 0 11 0 0 0 0 10 0 12 12 12 0 15 9 11 12 16 0 0 12 0 15 18 5 11 0 11 0 11 0 0 10 4 4 0 0 9 11 0 12 10 12 11 0 0 16 11 0 0 0 0 12 0 0 0 16 12 0 5 18 9 0 0 0 12 0 11 11 0 10 9 0 0 0 0 0 10 12 0 0 9 9 10 0 0 9 12 16 16 9
10 0 0 18 0 0 0 0 0 0 0 0 11 15 18 10 11 0 0 9 0 0 12 0 9 4 11 0 11 15 0 15 12 0 11 0 16 9 0 11 10 11 4 0 0 0 16 15 0 0 12 15 0 18 9 0 0 0 0 10 0 16 0 0 0 9 0 10 9 0 0 10 0 11 10 11 9 0 12 12 0 0 15 0 0 12 0 0 0 9 0 0 11 9 9 10 11 4 0 0
0 10 0 18 12 5 11 10 0 11 11 12 12 0 0 0 10 4 4 12 12 0 9 11 9 0 18 11 0 11 0 0 0 12 11 9 0 0 5 12 0 4 0 9 15 0 0 11 12 16 0 16 11 0 10 9 12 11 5 0 5 4 0 0 9 0 12 9 9 0 12 12 0 5 12 15 11 11 16 0 0 0 15 12 0 10 0 15 0 9 0 0 11 0 10 4 0 5 9 15
0 0 15 15 0 0 18 16 10 0 4 5 0 12 5 0 0 16 9 12 11 0 16 0 5 10 0 4 0 15 0 18 9 0 0 0 0 0 0 10 12 10 0 10 10 0 0 0 0 5 12 10 0 12 0 12 9 5 0 11 9 0 11 0 12 16 12 9 11 9 0 0 0 12 0 0 11 4 18 16 0 10 0 0 12 12 0 0 15 10 11 11 0 16 9 0 12 4 9 10
0 12 0 9 0 9 4 18 9 9 18 16 0 0 9 10 4 11 18 11 11 0 5 0 0 11 10 11 5 0 0 15 0 10 10 16 9 11 0 11 15 0 18 0 16 0 5 19 16 9 0 9 16 0 0 15 18 9 9 12 0 0 9 16 0 0 10 0 12 0 0 5 15 4 0 16 12 0 0 0 0 10 0 10 11 0 9 0 0 0 9 0 16 0 0 0 0 0 0 10
0 0 0 12 0 15 5 12 0 0 12 9 0 12 0 4 4 9 0 11 16 19 0 10 0 11 0 10 10 9 9 12 16 9 0 11 10 10 10 4 15 0 0 10 0 19 0 19 15 10 9 11 0 15 0 0 5 0 9 11 11 15 5 0 12 9 10 10 18 11 4 0 12 12 12 12 11 0 0 18 0 0 5 12 15 0 5 0 9 0 9 10 9 0 0 5 9 11 0 18
0 0 12 0 0 0 5 5 12 15 4 16 15 10 9 10 0 9 0 0 19 9 0 0 16 5 11 15 10 0 4 0 10 0 0 0 10 5 18 11 0 0 0 5 0 12 5 4 0 0 4 0 0 4 11 0 12 9 0 4 9 9 11 5 0 15 9 9 0 19 0 12 0 11 9 5 0 11 9 0 0 12 9 10 4 12 16 12 10 9 10 4 0 0 5 0 9 12 11 0
0 0 0 0 15 11 0 0 11 0 11 4 16 12 0 12 11 0 10 10 15 10 0 0 16 18 0 0 12 0 12 11 12 9 11 12 0 16 5 10 0 10 15 10 0 0 4 11 5 11 5 19 15 0 0 10 0 0 0 0 0 0 4 0 11 9 9 5 0 15 10 19 10 12 11 0 0 5 10 0 10 0 0 10 15 0 0 10 11 12 11 0 12 0 9 9 0 10 9 16
0 0 12 9 12 9 0 10 12 11 11 12 10 12 0 12 15 11 16 0 12 9 0 0 11 0 11 9 0 0 10 10 10 9 11 0 4 0 18 0 12 10 18 11 0 16 0 0 0 0 12 19 0 11 0 10 0 0 0 20 0 10 16 0 0 18 0 0 11 15 11 5 12 0 11 11 0 0 11 0 10 15 9 10 0 9 0 0 9 16 4 5 4 0 11 12 10 0 5 16
0 9 0 12 10 0 9 9 4 11 10 0 0 10 9 12 4 0 0 0 0 0 9 0 12 10 0 0 0 12 12 5 19 15 0 16 0 0 5 10 5 11 0 12 11 9 0 9 0 10 0 0 0 12 15 11 0 0 15 0 0 0 16 0 9 0 10 0 0 0 0 0 12 0 9 0 0 5 9 15 9 11 0 11 0 0 0 10 0 16 0 9 9 0 0 11 9 5 0 11
0 15 0 11 10 11 11 18 15 0 0 0 12 0 12 0 4 5 12 0 0 0 9 15 10 18 4 0 0 0 5 0 4 16 9 10 0 9 10 0 11 0 16 0 0 9 9 10 0 12 10 0 5 16 0 0 12 11 10 9 9 0 4 12 0 0 11 0 0 4 0 15 9 4 9 11 11 0 0 9 9 12 4 0 0 12 12 0 0 9 0 15 10 10 18 0 16 16 11 0