0 11 8 10 11 0 11 11 16 20 8 18 15 9 0 0 11 18 10 12 0 10 9 10 15 16 8 9 11 9 11 10 5 0 8 16 16 12 16 9 9 0 9 0 9 15 0 0 12 15 4 8 11 0 4 12 17 11 12 5 10 8 11 9 0 16 9 0 8 8 16 12 17 10 0 0 2 9 10 11 10 11 0 0 16 0 0 9 0 9 10 0 0 0 0 0 0 0 0 0
11 0 0 12 0 11 8 15 8 9 8 8 0 16 8 11 10 16 0 12 10 15 8 16 10 15 0 9 8 12 8 15 0 0 0 2 15 0 15 10 18 15 0 0 12 10 0 11 8 12 12 1 12 10 11 8 8 18 11 5 15 5 8 0 0 4 11 16 0 8 9 11 12 2 10 0 0 0 11 11 10 10 0 8 0 5 0 11 16 2 0 10 0 12 0 8 0 0 9 15
8 0 0 0 9 18 18 9 0 8 12 0 0 12 17 0 9 11 0 8 0 19 10 9 10 15 0 2 12 0 16 5 10 8 0 0 10 12 11 0 8 4 15 0 12 16 0 11 4 0 0 12 0 0 8 12 11 9 4 0 9 11 16 0 1 0 8 12 8 11 10 0 12 8 12 15 17 4 15 0 1 0 0 15 0 0 12 0 9 9 0 0 15 0 8 2 0 12 0 0
10 12 0 0 10 4 15 0 8 5 9 0 0 15 0 9 0 9 10 0 0 11 15 15 9 0 8 11 10 0 10 10 8 17 0 5 11 0 11 10 15 0 4 16 8 12 0 19 9 11 10 0 8 9 15 8 2 9 19 9 9 0 18 0 8 5 5 10 8 15 12 4 4 11 12 10 0 0 5 8 4 10 10 4 0 0 12 9 12 0 18 18 15 9 12 0 8 9 2 11
11 0 9 10 0 10 12 1 2 4 12 16 9 0 9 12 5 9 0 8 10 9 0 9 8 10 12 0 0 11 9 19 15 16 8 15 0 11 16 10 8 0 15 17 8 0 0 4 12 0 19 1 0 0 0 12 5 0 9 4 8 8 0 10 11 10 10 0 0 12 9 9 0 8 8 0 12 10 10 12 0 15 0 16 10 8 8 2 0 11 0 12 17 0 0 0 15 12 10 10
0 11 18 4 10 0 18 8 11 0 11 0 15 15 10 0 8 4 5 9 8 11 9 0 0 12 15 11 4 10 8 10 10 0 17 11 0 15 0 15 11 0 9 0 4 12 10 0 0 5 10 11 12 15 0 0 9 12 0 0 15 0 18 4 0 0 11 8 12 5 9 12 9 12 12 9 11 8 18 17 11 16 12 5 0 0 17 0 9 11 0 5 0 9 15 0 11 9 0 1
11 8 18 15 12 18 0 17 0 0 10 10 0 9 12 0 8 17 8 15 10 15 9 10 10 12 15 12 16 11 15 11 0 11 0 0 9 9 12 0 0 16 2 0 12 2 11 4 0 12 2 0 10 11 0 8 11 5 9 11 10 5 15 11 8 11 12 15 0 9 12 10 8 5 4 10 0 0 16 11 10 1 11 10 15 0 0 0 4 8 8 1 18 4 5 5 0 0 9 11
11 15 9 0 1 8 17 0 16 11 11 9 17 20 0 5 0 10 18 8 11 0 10 12 9 11 10 12 15 10 15 5 17 15 0 11 11 9 11 4 17 0 9 9 0 0 17 11 10 9 12 0 20 11 8 0 12 5 11 11 11 9 10 12 17 9 9 0 8 0 8 10 0 10 9 11 10 8 8 10 8 11 12 9 9 8 10 9 8 0 8 10 16 18 12 5 8 10 9 18
16 8 0 8 2 11 0 16 0 10 8 9 9 20 15 0 0 8 11 0 8 8 0 2 0 10 4 15 12 0 0 5 15 0 8 8 12 8 8 9 10 18 5 8 16 0 0 17 5 9 5 17 0 11 0 10 8 0 0 4 10 9 0 10 10 10 15 0 5 2 5 10 10 16 0 15 9 11 8 8 0 11 5 8 11 0 12 0 17 10 0 0 10 9 0 12 11 12 4 15
20 9 8 5 4 0 0 11 10 0 0 11 8 16 16 11 11 0 0 9 12 0 4 0 10 0 8 0 0 12 2 1 10 0 16 10 12 0 8 8 8 11 16 2 9 0 0 5 0 2 0 15 0 8 15 4 0 8 10 1 0 9 5 9 0 8 10 11 2 5 0 0 10 0 0 12 10 0 0 12 17 0 10 11 11 9 16 0 12 0 0 11 0 9 0 15 17 11 1 0
8 8 12 9 12 11 10 11 8 0 0 10 10 12 15 8 2 18 9 19 4 8 1 0 9 10 0 0 0 5 16 8 19 17 8 16 9 12 0 0 11 5 12 5 9 18 0 12 0 11 12 0 12 1 0 11 11 19 12 15 4 0 2 1 9 16 12 10 0 20 12 10 18 15 12 12 11 9 0 8 10 12 10 8 8 0 0 10 12 0 0 11 4 18 12 4 11 11 10 0
18 8 0 0 16 0 10 9 9 11 10 0 0 9 10 10 8 15 11 0 9 8 0 15 10 17 0 2 11 12 8 0 8 0 11 15 9 0 11 5 0 11 0 9 11 10 0 10 12 17 8 9 8 10 0 15 8 10 10 12 15 9 11 17 8 10 11 0 0 11 10 9 0 5 10 15 19 9 0 10 10 12 12 10 0 9 8 9 12 11 0 12 5 16 9 16 4 12 0 8
15 0 0 0 9 15 0 17 9 8 10 0 0 9 0 1 9 12 15 10 0 10 11 12 0 2 0 0 0 4 10 8 8 11 10 0 8 0 11 9 0 10 2 12 11 0 15 10 19 9 4 0 0 0 18 8 10 11 9 8 0 0 10 5 5 0 17 10 0 8 2 0 10 10 19 0 10 11 11 0 12 0 11 0 1 10 0 10 0 17 11 12 8 0 0 15 16 10 0 2
9 16 12 15 0 15 9 20 20 16 12 9 9 0 0 0 15 9 9 16 10 12 16 9 10 0 0 15 0 9 0 11 0 0 0 0 11 16 9 16 8 9 0 11 12 10 0 9 11 8 9 17 8 0 0 4 0 8 0 0 15 16 11 0 5 9 4 5 0 5 0 10 0 0 8 2 0 11 12 0 12 11 8 10 0 10 8 12 10 0 15 0 12 17 12 10 2 12 10 8
0 8 17 0 9 10 12 0 15 16 15 10 0 0 0 0 8 0 0 16 0 11 0 12 15 5 0 18 0 0 0 0 0 0 0 5 17 9 11 1 16 0 5 10 0 8 12 1 0 0 0 0 0 15 10 0 0 15 11 8 0 12 4 0 12 15 12 0 9 1 0 8 17 0 8 10 0 12 15 11 10 8 10 11 0 15 11 8 12 0 18 0 5 9 8 9 0 0 9 12
0 11 0 9 12 0 0 5 0 11 8 10 1 0 0 0 5 9 10 4 5 2 15 16 0 5 8 12 12 4 10 5 0 0 12 9 18 9 9 12 0 10 0 11 10 9 4 18 0 0 0 16 12 0 0 8 10 0 0 0 11 12 0 4 5 0 0 10 1 11 9 0 4 8 18 10 8 15 5 9 9 0 4 15 16 8 8 11 0 0 10 0 0 10 4 10 12 2 2 0
11 10 9 0 5 8 8 0 0 11 2 8 9 15 8 5 0 0 16 11 8 4 11 4 9 10 5 8 17 11 0 12 17 0 9 4 0 0 0 0 2 8 0 10 15 0 0 8 9 0 0 9 10 11 18 0 0 9 4 16 10 15 5 4 0 9 17 15 17 0 0 9 10 19 10 10 0 8 8 9 10 11 10 11 0 0 10 0 4 10 11 10 0 4 4 0 11 15 4 4
18 16 11 9 9 4 17 10 8 0 18 15 12 9 0 9 0 0 0 11 11 12 10 8 12 9 0 0 0 12 0 12 0 9 0 1 10 0 8 12 10 12 5 11 0 20 16 0 0 12 16 4 5 11 16 5 11 17 10 11 15 8 10 15 0 12 12 11 8 0 18 11 0 4 0 0 17 19 10 10 0 0 1 0 15 8 18 0 0 0 17 4 16 11 9 9 8 11 0 5
10 0 0 10 0 5 8 18 11 0 9 11 15 9 0 10 16 0 0 15 0 0 5 0 18 9 10 12 2 0 0 0 5 10 15 2 9 10 9 10 8 8 0 8 5 9 2 0 8 0 10 9 0 19 9 10 2 0 11 0 5 15 15 11 12 0 10 16 0 4 0 0 9 10 0 12 8 9 0 11 10 0 12 0 0 8 0 17 0 12 0 4 9 18 0 0 10 16 0 12
12 12 8 0 8 9 15 8 0 9 19 0 10 16 16 4 11 11 15 0 12 15 8 0 2 0 12 2 16 0 2 11 0 11 5 0 0 8 9 11 9 12 12 5 10 0 17 11 12 9 9 5 12 15 10 8 10 4 10 10 0 0 15 0 10 12 2 17 0 0 11 18 0 4 10 0 5 10 10 11 17 0 12 9 0 0 18 10 0 12 9 12 12 1 11 8 10 17 0 8
0 10 0 0 10 8 10 11 8 12 4 9 0 10 0 5 8 11 0 12 0 17 15 12 0 19 1 15 12 12 18 15 10 0 9 5 12 0 12 16 4 12 18 9 11 2 12 15 11 0 0 0 15 5 0 9 0 11 15 12 17 17 10 10 16 0 9 4 11 0 20 9 5 8 8 15 15 9 11 4 0 11 10 10 8 5 0 8 12 12 8 12 11 11 16 19 15 12 0 8
10 15 19 11 9 11 15 0 8 0 8 8 10 12 11 2 4 12 0 15 17 0 0 10 18 8 9 16 0 8 12 5 0 10 0 8 0 8 9 4 0 8 17 0 17 0 16 17 2 11 10 0 0 8 0 9 12 2 0 0 2 0 0 11 15 15 12 5 8 11 0 12 8 4 0 11 0 8 12 0 10 11 18 0 0 0 0 16 9 0 0 0 0 8 19 9 10 9 0 0
9 8 10 15 0 9 9 10 0 4 1 0 11 16 0 15 11 10 5 8 15 0 0 12 2 12 8 5 4 10 11 10 0 9 4 15 10 0 0 10 5 15 0 16 16 8 0 11 0 0 1 0 5 17 12 15 0 0 11 11 0 19 1 12 0 0 5 2 0 5 11 12 12 0 0 0 9 15 0 10 10 15 12 0 18 0 2 5 8 15 2 9 16 5 0 0 0 0 9 9
10 16 9 15 9 0 10 12 2 0 0 15 12 9 12 16 4 8 0 0 12 10 12 0 11 18 12 0 11 0 8 19 4 11 0 10 15 17 9 8 17 10 12 1 9 16 17 9 4 9 12 11 18 11 11 8 11 11 0 0 0 9 5 0 10 15 12 4 8 0 10 9 9 0 11 17 0 19 0 15 12 0 9 9 4 15 15 0 16 9 0 11 17 8 10 0 0 0 8 15
15 10 10 9 8 0 10 9 0 10 9 10 0 10 15 0 9 12 18 2 0 18 2 11 0 8 0 15 0 0 0 9 0 0 4 11 11 16 0 17 4 11 0 0 9 9 12 0 9 0 15 12 12 9 0 11 0 0 10 12 0 0 0 0 0 8 12 12 0 8 0 17 12 8 19 9 0 9 0 5 0 10 0 1 0 0 8 10 12 11 9 9 5 0 0 16 16 11 12 10
16 15 15 0 10 12 12 11 10 0 10 17 2 0 5 5 10 9 9 0 19 8 12 18 8 0 10 17 0 0 10 8 8 0 2 10 10 15 0 0 0 11 5 0 9 0 0 4 1 9 15 8 16 8 12 12 8 0 19 15 0 15 8 15 12 5 8 15 12 0 0 5 10 12 17 5 9 10 0 8 16 0 0 2 0 10 0 16 12 12 4 17 10 11 11 5 18 0 10 18
8 0 0 8 12 15 15 10 4 8 0 0 0 0 0 8 5 0 10 12 1 9 8 12 0 10 0 0 17 11 0 17 18 12 11 12 5 0 12 4 8 8 0 0 9 12 0 9 8 0 10 0 15 0 0 10 11 12 5 0 17 15 16 15 12 10 15 4 12 17 0 5 11 4 0 8 9 4 15 0 19 11 12 5 0 0 11 12 9 16 11 18 17 10 0 11 0 11 0 4
9 9 2 11 0 11 12 12 15 0 0 2 0 15 18 12 8 0 12 2 15 16 5 0 15 17 0 0 0 4 11 18 11 12 15 8 5 0 0 0 0 10 8 0 10 5 12 11 8 0 15 17 0 0 0 0 18 4 0 0 0 8 4 4 0 8 1 1 4 5 0 0 12 10 0 8 9 9 0 2 0 16 0 16 15 12 12 16 11 17 0 11 4 11 10 15 8 9 0 0
11 8 12 10 0 4 16 15 12 0 0 11 0 0 0 12 17 0 2 16 12 0 4 11 0 0 17 0 0 15 16 0 0 1 18 11 8 0 11 11 2 0 0 9 9 0 4 10 19 12 11 8 10 4 9 10 11 12 0 5 15 0 0 4 4 0 10 11 12 15 11 11 0 0 5 12 4 0 0 0 10 12 0 8 16 10 9 8 8 8 11 17 8 5 10 10 12 0 17 0
9 12 0 0 11 10 11 10 0 12 5 12 4 9 0 4 11 12 0 0 12 8 10 0 0 0 11 4 15 0 11 9 10 12 0 19 10 9 11 12 0 0 0 2 15 9 0 0 10 9 0 0 9 5 9 8 12 16 15 17 5 0 0 15 11 5 11 0 0 8 5 0 0 11 0 10 5 17 12 0 0 0 0 12 5 10 15 0 0 12 15 11 15 0 9 0 8 8 12 17
11 8 16 10 9 8 15 15 0 2 16 8 10 0 0 10 0 0 0 2 18 12 11 8 0 10 0 11 16 11 0 12 1 11 0 0 12 0 16 0 0 10 0 9 10 5 5 16 0 11 9 17 0 0 0 12 17 0 0 0 10 12 15 9 0 0 15 10 0 0 0 0 0 0 0 0 12 12 9 0 4 12 9 0 0 11 0 8 0 8 0 0 0 0 9 4 12 10 12 5
10 15 5 10 19 10 11 5 5 1 8 0 8 11 0 5 12 12 0 11 15 5 10 19 9 8 17 18 0 9 12 0 0 4 11 0 15 2 12 18 15 8 4 4 15 10 4 11 0 9 8 0 10 0 2 0 16 12 12 15 5 0 0 12 16 0 0 0 0 9 0 15 8 0 8 0 10 0 9 11 9 12 12 15 11 8 0 8 0 15 15 0 18 15 2 8 11 10 5 17
5 0 10 8 15 10 0 17 15 10 19 8 8 0 0 0 17 0 5 0 10 0 0 4 0 8 18 11 0 10 1 0 0 0 0 11 4 12 16 9 9 10 18 0 0 8 0 0 0 11 0 0 0 0 9 9 0 10 5 11 0 5 17 0 0 12 10 8 0 10 0 0 9 0 16 12 8 10 0 0 10 8 12 0 0 11 0 9 16 18 12 0 9 0 16 10 12 10 19 4
0 0 8 17 16 0 11 15 0 0 17 0 11 0 0 0 0 9 10 11 0 10 9 11 0 0 12 12 1 12 11 4 0 0 20 9 15 15 16 10 8 0 9 11 0 12 10 18 9 0 9 12 0 10 16 5 8 9 0 0 8 8 8 10 15 15 0 4 9 0 11 8 10 0 15 0 0 11 11 9 0 10 1 0 9 16 12 0 11 5 0 12 8 10 9 0 9 9 15 16
8 0 0 0 8 17 0 0 8 16 8 11 10 0 0 12 9 0 15 5 9 0 4 0 4 2 11 15 18 0 0 11 0 20 0 0 17 4 8 12 8 0 5 10 12 8 0 0 11 0 1 0 15 0 0 2 12 11 15 0 2 10 15 9 8 12 15 12 16 8 0 9 16 1 0 2 0 0 12 12 0 8 0 0 12 0 4 12 0 11 11 11 0 10 0 0 11 11 8 9
16 2 0 5 15 11 0 11 8 10 16 15 0 0 5 9 4 1 2 0 5 8 15 10 11 10 12 8 11 19 0 0 11 9 0 0 10 16 0 15 0 12 8 16 11 15 10 9 9 8 12 16 0 8 15 1 2 12 0 12 0 12 16 4 8 10 11 9 17 12 0 20 10 15 12 15 5 10 0 0 9 9 15 12 12 10 0 10 1 0 8 9 8 16 11 0 12 8 16 10
16 15 10 11 0 0 9 11 12 12 9 9 8 11 17 18 0 10 9 0 12 0 10 15 11 10 5 5 8 10 12 15 4 15 17 10 0 8 0 0 10 12 2 17 2 8 18 9 12 9 10 0 8 0 11 12 8 10 5 15 0 10 0 2 8 11 18 11 4 9 0 17 15 4 8 8 10 11 10 0 10 0 4 12 12 0 9 0 12 11 16 0 0 9 10 10 0 4 0 0
12 0 12 0 11 15 9 9 8 0 12 0 0 16 9 9 0 0 10 8 0 8 0 17 16 15 0 0 0 9 0 2 12 15 4 16 8 0 0 0 11 5 0 15 12 12 9 0 16 9 0 5 11 0 12 0 10 4 11 1 0 5 11 0 8 0 0 12 5 0 5 2 5 0 11 17 8 17 0 16 10 0 11 11 9 16 1 10 0 0 9 0 0 11 10 5 16 0 8 9
16 15 11 11 16 0 12 11 8 8 0 11 11 9 11 9 0 8 9 9 12 9 0 9 0 0 12 0 11 11 16 12 16 16 8 0 0 0 0 11 0 0 5 9 11 9 0 9 11 11 16 1 10 0 10 18 5 11 9 12 11 11 11 10 0 10 11 0 15 10 8 10 9 9 10 4 11 10 12 8 0 0 8 4 0 8 0 0 5 11 0 5 0 17 10 18 5 18 5 10
9 10 0 10 10 15 0 4 9 8 0 5 9 16 1 12 0 12 10 11 16 4 10 8 17 0 4 0 11 12 0 18 9 10 12 15 0 0 11 0 10 5 5 8 8 9 0 11 12 8 0 17 15 12 0 9 18 18 9 0 0 5 0 16 0 18 11 8 16 12 0 5 8 0 0 9 0 9 11 8 0 1 16 11 0 10 10 0 0 0 11 12 10 11 4 11 10 0 10 0
9 18 8 15 8 11 0 17 10 8 11 0 0 8 16 0 2 10 8 9 4 0 5 17 4 0 8 0 2 0 0 15 9 8 8 0 10 11 0 10 0 0 9 11 9 0 0 16 0 10 8 0 12 9 12 5 8 8 0 15 17 0 10 10 8 11 0 0 17 5 0 12 10 5 12 0 0 17 0 9 0 0 16 0 9 11 11 8 11 0 10 0 12 15 15 0 0 2 5 1
0 15 4 0 0 0 16 0 18 11 5 11 10 9 0 10 8 12 8 12 12 8 15 10 11 11 8 10 0 0 10 8 10 0 0 12 12 5 0 5 0 0 10 10 2 1 0 15 4 10 5 16 16 0 18 15 10 0 10 0 15 9 10 2 0 16 5 11 0 10 0 0 4 4 0 0 0 5 10 2 12 9 4 8 0 0 0 0 12 10 11 4 10 0 0 0 10 10 11 0
9 0 15 4 15 9 2 9 5 16 12 0 2 0 5 0 0 5 0 12 18 17 0 12 0 5 0 8 0 0 0 4 18 9 5 8 2 0 5 5 9 10 0 10 18 0 18 9 18 17 5 0 0 12 10 0 2 0 10 0 0 0 10 4 0 10 0 8 17 0 12 9 17 18 0 0 12 8 0 16 12 15 9 18 12 0 0 12 8 4 4 8 0 18 0 17 15 18 0 16
0 0 0 16 17 0 0 9 8 2 5 9 12 11 10 11 10 11 8 5 9 0 16 1 0 0 0 0 9 2 9 4 0 11 10 16 17 15 9 8 11 10 10 0 11 0 10 10 17 0 10 0 11 4 0 19 15 9 12 11 9 2 0 15 16 9 11 16 11 0 16 5 9 8 5 9 8 8 10 17 10 8 0 0 19 0 1 0 0 4 0 9 10 0 10 5 10 11 12 0
9 12 12 8 8 4 12 0 16 9 9 11 11 12 0 10 15 0 5 10 11 17 16 9 9 9 9 10 9 15 10 15 0 0 12 11 2 12 11 8 9 2 18 11 0 11 17 0 10 4 0 12 10 0 0 16 0 11 10 12 0 10 0 11 9 0 15 9 11 10 18 8 0 0 9 16 12 0 9 0 10 9 4 8 11 15 8 1 4 0 8 15 10 16 0 0 0 0 11 0
15 10 16 12 0 12 2 0 0 0 18 10 0 10 8 9 0 20 9 0 2 0 8 16 9 0 12 5 0 9 5 10 8 12 8 15 8 12 9 9 0 1 0 0 11 0 0 0 10 4 16 16 0 0 10 15 8 0 0 11 8 0 4 0 0 10 12 5 0 1 0 19 11 8 11 11 0 15 15 5 12 0 0 5 12 9 11 5 10 0 8 8 8 0 19 2 8 16 9 9
0 0 0 0 0 10 11 17 0 0 0 0 15 0 12 4 0 16 2 17 12 16 0 17 12 0 0 12 4 0 5 4 0 10 0 10 18 9 0 0 0 0 18 10 17 0 0 0 4 11 11 8 12 15 9 10 0 16 0 8 5 8 10 0 9 15 18 12 8 17 8 9 0 0 12 0 0 15 12 1 0 10 5 10 17 8 0 5 0 9 16 17 8 5 0 5 4 17 0 9
0 11 11 19 4 0 4 11 17 5 12 10 10 9 1 18 8 0 0 11 15 17 11 9 0 4 9 11 10 0 16 11 0 18 0 9 9 0 9 11 16 15 9 10 0 0 0 0 0 12 10 16 4 15 8 10 15 12 11 10 10 16 16 0 11 10 8 11 8 0 0 16 8 0 0 16 15 12 8 0 0 9 17 11 2 10 0 10 0 11 15 11 0 19 19 4 1 8 9 10
12 8 4 9 12 0 0 10 5 0 0 12 19 11 0 0 9 0 8 12 11 2 0 4 9 1 8 8 19 10 0 0 0 9 11 9 12 16 11 12 0 4 18 17 10 10 4 0 0 0 0 0 9 10 0 8 0 0 0 0 0 0 0 10 11 5 12 5 0 9 10 0 8 11 0 11 11 0 9 16 15 16 16 0 12 0 0 5 0 0 0 12 0 16 15 0 5 0 8 0
15 12 0 11 0 5 12 9 9 2 11 17 9 8 0 0 0 12 0 9 0 11 0 9 0 9 0 0 12 9 11 9 11 0 0 8 9 9 11 8 10 10 17 0 4 4 11 12 0 0 0 18 0 0 12 10 8 1 5 10 1 10 11 12 12 2 0 0 17 12 0 12 18 10 11 0 16 0 0 10 8 8 9 11 12 9 8 17 11 12 17 16 5 9 10 8 11 8 10 12
4 12 0 10 19 10 2 12 5 0 12 8 4 9 0 0 0 16 10 9 0 10 1 12 15 15 10 15 11 0 9 8 0 9 1 12 10 0 16 0 8 5 5 10 0 16 11 10 0 0 0 12 12 11 0 8 2 9 0 8 19 16 11 0 0 12 4 0 8 17 8 10 0 19 10 0 11 4 8 2 10 0 10 17 0 9 0 11 12 10 12 0 12 8 9 4 5 12 0 10
8 1 12 0 1 11 0 0 17 15 0 9 0 17 0 16 9 4 9 5 0 0 0 11 12 8 0 17 8 0 17 0 0 12 0 16 0 5 1 17 0 16 0 0 12 16 8 16 0 18 12 0 0 12 0 0 10 0 12 12 8 9 0 9 12 0 0 0 0 16 9 5 0 0 0 10 11 0 10 2 11 1 9 11 12 10 19 0 8 12 15 16 10 9 11 0 19 19 17 8
11 12 0 8 0 12 10 20 0 0 12 8 0 8 0 12 10 5 0 12 15 0 5 18 12 16 15 0 10 9 0 10 0 0 15 0 8 11 10 15 12 16 0 11 10 0 12 4 9 0 12 0 0 2 8 0 0 0 0 0 0 0 0 0 11 4 15 11 10 10 12 19 0 0 2 10 0 10 17 12 0 0 0 4 0 17 11 10 4 11 0 1 0 16 0 0 15 0 0 5
0 10 0 9 0 15 11 11 11 8 1 10 0 0 15 0 11 11 19 15 5 8 17 11 9 8 0 0 4 5 0 0 0 10 0 8 0 0 0 12 9 0 12 4 0 0 15 15 10 0 11 12 2 0 5 0 12 0 12 10 2 0 8 8 0 5 10 10 0 4 15 12 9 10 9 16 8 8 2 9 0 12 0 5 12 4 16 0 9 0 18 8 12 0 15 4 0 11 12 16
4 11 8 15 0 0 0 8 0 15 0 0 18 0 10 0 18 16 9 10 0 0 12 11 0 12 0 0 9 9 0 2 9 16 0 15 11 12 10 0 12 18 10 0 0 10 9 8 0 12 0 0 8 5 0 0 9 9 0 11 16 16 0 10 8 9 11 9 0 4 11 11 12 15 0 0 0 12 0 12 8 4 9 0 19 10 0 8 0 8 9 10 0 0 8 11 0 0 15 0
12 8 12 8 12 0 8 0 10 4 11 15 8 4 0 8 0 5 10 8 9 9 15 8 11 12 10 0 10 8 12 0 9 5 2 1 12 0 18 9 5 15 0 19 16 15 10 10 8 10 8 0 0 0 0 0 15 0 8 0 12 10 9 0 17 17 11 16 17 11 16 0 0 10 12 18 9 0 11 10 10 16 11 4 11 12 2 10 0 16 0 9 2 15 0 0 10 10 11 0
17 8 11 2 5 9 11 12 8 0 11 8 10 0 0 10 0 11 2 10 0 12 0 11 0 8 11 18 11 12 17 16 0 8 12 2 8 10 5 18 8 10 2 15 0 8 0 15 0 8 2 10 0 12 9 15 0 5 16 8 12 10 1 4 2 16 0 8 9 8 0 0 9 0 8 10 10 11 0 12 4 5 9 0 15 11 8 10 18 11 0 12 9 18 5 12 0 8 8 12
11 18 9 9 0 12 5 5 0 8 19 10 11 8 15 0 9 17 0 4 11 2 0 11 0 0 12 4 12 16 0 12 10 9 11 12 10 4 11 18 8 0 0 9 11 0 16 12 0 1 9 0 0 0 9 0 5 0 4 8 4 17 5 8 0 12 5 0 0 15 4 12 0 9 11 0 10 10 0 12 8 0 16 15 0 17 8 5 9 0 0 11 5 9 0 9 8 0 8 11
12 11 4 19 9 0 9 11 0 10 12 10 9 0 11 0 4 10 11 10 15 0 11 0 10 19 5 0 0 15 0 12 5 0 15 0 5 11 9 9 0 10 10 12 10 0 0 11 0 5 0 12 0 12 0 8 16 4 0 5 4 11 15 0 12 0 0 0 4 2 16 10 0 16 0 10 4 10 16 8 15 5 5 0 8 17 9 9 8 0 17 5 0 9 9 0 0 8 15 10
5 5 0 9 4 0 11 11 4 1 15 12 8 0 8 0 16 11 0 10 12 0 11 0 12 15 0 0 5 17 0 15 11 0 0 12 15 1 12 0 15 0 0 11 12 11 8 10 0 10 8 12 0 10 11 0 8 8 5 0 0 8 11 9 5 0 9 0 4 5 9 12 8 0 0 5 5 11 18 0 10 9 0 15 10 0 11 8 0 0 10 0 1 12 11 4 0 20 0 9
10 15 9 9 8 15 10 11 10 0 4 15 0 15 0 11 10 15 5 0 17 2 0 0 0 0 17 0 15 5 10 5 0 8 2 0 0 0 11 0 17 15 0 9 0 8 5 10 0 1 19 8 0 2 16 12 12 4 4 0 0 0 10 0 0 10 10 0 8 8 4 11 0 9 16 11 12 16 12 4 15 0 12 18 0 0 10 0 17 0 0 5 9 0 11 9 0 0 0 9
8 5 11 0 8 0 5 9 9 9 0 9 0 16 12 12 15 8 15 0 17 0 19 9 0 15 15 8 0 0 12 0 5 8 10 12 10 5 11 5 0 9 0 2 10 0 8 16 0 10 16 9 0 0 16 10 10 17 11 8 0 0 10 11 11 17 10 0 0 0 0 10 8 4 17 0 12 5 0 0 16 12 5 19 9 16 2 0 0 12 16 4 0 0 15 9 17 10 0 0
11 8 16 18 0 18 15 10 0 5 2 11 10 11 4 0 5 10 15 15 10 0 1 5 0 8 16 4 0 0 15 0 17 8 15 16 0 11 11 0 10 10 10 0 0 4 10 16 0 11 11 0 0 8 0 9 1 5 15 11 10 10 0 17 10 10 0 12 5 0 11 5 15 10 16 12 16 0 0 8 0 0 8 10 0 0 10 10 12 0 0 17 11 9 5 11 4 16 16 4
9 0 0 0 10 4 11 12 10 9 1 17 5 0 0 4 4 15 11 0 10 11 12 0 0 15 15 4 4 15 9 12 0 10 9 4 2 0 10 16 10 2 4 15 11 0 0 0 10 12 0 9 0 8 10 0 4 8 0 9 0 11 17 0 11 12 10 15 10 0 8 10 0 0 8 15 16 10 0 0 0 15 15 8 0 2 5 8 5 0 0 0 0 16 0 5 8 8 0 12
0 0 1 8 11 0 8 17 10 0 9 8 5 5 12 5 0 0 12 10 16 15 0 10 0 12 12 0 4 11 0 16 0 15 8 8 8 8 0 0 8 0 0 16 9 0 9 11 11 12 0 12 11 0 8 17 2 0 12 5 0 11 10 11 0 16 16 12 11 5 12 5 8 4 5 15 4 12 5 10 12 0 1 8 0 2 9 0 8 0 8 9 12 8 2 0 11 0 9 0
16 4 0 5 10 0 11 9 10 8 16 10 0 9 15 0 9 12 0 12 0 15 0 15 8 5 10 8 0 5 0 0 12 15 12 10 11 0 10 18 11 16 10 9 0 10 15 10 5 2 12 0 4 5 9 17 16 12 0 0 10 17 10 12 16 0 15 11 11 0 9 12 4 10 0 8 11 9 16 5 10 11 0 9 9 5 10 0 12 16 9 0 16 8 9 15 9 18 0 17
9 11 8 5 10 11 12 9 15 10 12 11 17 4 12 0 17 12 10 2 9 12 5 12 12 8 15 1 10 11 15 0 10 0 15 11 18 0 11 11 0 5 0 11 15 12 18 8 12 0 4 0 15 10 11 11 0 5 0 9 10 10 0 10 16 15 0 8 10 0 0 11 11 8 0 10 12 4 5 18 12 15 8 0 12 17 8 9 0 12 8 2 12 10 10 9 9 0 10 1
0 16 12 10 0 8 15 0 0 11 10 0 10 5 0 10 15 11 16 17 4 5 2 4 12 15 4 1 11 0 10 0 8 4 12 9 11 12 0 8 0 11 8 16 9 5 12 11 5 0 0 0 11 10 9 16 8 0 0 0 0 0 12 15 12 11 8 0 0 11 10 8 12 0 11 0 12 15 0 9 12 5 0 10 1 8 11 0 11 17 10 9 9 8 10 9 5 8 17 0
8 0 8 8 0 12 0 8 5 2 0 0 0 0 9 1 17 8 0 0 11 8 0 8 0 12 12 4 12 0 0 0 0 9 16 17 4 5 15 16 17 0 17 11 11 0 8 8 0 17 8 0 10 0 0 17 9 0 4 4 8 0 5 10 11 11 10 0 0 10 8 5 10 8 0 0 0 16 0 5 0 12 8 8 12 16 8 0 10 5 9 9 11 12 18 0 8 1 0 8
8 8 11 15 12 5 9 0 2 5 20 11 8 5 1 11 0 0 4 0 0 11 5 0 8 0 17 5 15 8 0 9 10 0 8 12 9 0 10 12 5 10 0 0 10 1 17 0 9 12 17 16 10 4 4 11 8 15 2 5 8 0 0 0 5 0 0 11 10 0 12 12 10 17 0 8 0 8 0 0 0 0 5 16 0 4 10 4 15 18 0 0 9 0 11 19 15 15 8 4
16 9 10 12 9 9 12 8 5 0 12 10 2 0 0 9 0 18 0 11 20 0 11 10 0 0 0 0 11 5 0 0 0 11 0 0 0 5 8 0 0 0 12 16 18 0 8 0 10 0 8 9 12 15 11 16 0 4 16 9 4 0 11 8 12 9 0 10 8 12 0 9 4 0 15 4 5 0 12 11 1 10 16 12 15 11 12 2 0 9 0 2 0 0 4 0 10 1 0 0
12 11 0 4 9 12 10 10 10 0 10 9 0 10 8 0 9 11 0 18 9 12 12 9 17 5 5 0 11 0 0 15 0 8 9 20 17 2 10 5 12 0 9 5 8 19 9 16 0 12 10 5 19 12 11 0 0 12 10 12 11 10 5 10 5 12 11 8 5 12 9 0 0 0 10 15 0 0 10 0 0 2 5 10 16 5 16 15 0 0 10 2 0 5 0 12 19 5 0 15
17 12 12 4 0 9 8 0 10 10 18 0 10 0 17 4 10 0 9 0 5 8 12 9 12 10 11 12 0 0 0 8 9 10 16 10 15 5 9 8 10 4 17 9 0 11 0 8 8 18 0 0 0 9 12 0 9 0 0 8 0 8 15 0 8 4 11 12 10 10 4 0 0 0 17 11 0 0 0 0 0 4 10 0 12 12 15 8 0 0 0 0 0 15 12 8 10 2 12 9
10 2 8 11 8 12 5 10 16 0 15 5 10 0 0 8 19 4 10 4 8 4 0 0 8 12 4 10 0 11 0 0 0 0 1 15 4 0 9 0 5 4 18 8 0 8 0 0 11 10 19 0 0 10 15 10 0 9 16 0 9 4 10 0 4 10 8 0 8 17 0 0 0 0 10 9 0 8 8 8 0 10 0 10 8 11 0 10 8 17 11 5 12 4 2 11 12 0 8 4
0 10 12 12 8 12 4 9 0 0 12 10 19 8 8 18 10 0 0 10 8 0 0 11 19 17 0 0 5 0 0 8 16 15 0 12 8 11 10 0 12 0 0 5 9 11 12 0 0 11 10 0 2 9 0 12 8 11 0 0 16 17 16 8 5 0 0 11 0 0 15 10 17 10 0 11 9 10 0 0 2 10 17 12 19 0 1 5 4 12 10 12 8 17 2 9 11 11 9 9
0 0 15 10 0 9 10 11 15 12 12 15 0 2 10 10 10 0 12 0 15 11 0 17 9 5 8 8 12 10 0 0 12 0 2 15 8 17 4 9 0 0 0 9 16 11 0 16 11 0 0 10 10 16 0 18 10 0 10 5 11 0 12 15 15 8 10 0 0 8 4 15 11 9 11 0 12 10 16 0 11 10 17 9 16 0 11 0 18 8 11 15 8 16 12 5 0 11 0 11
2 0 17 0 12 11 0 10 9 10 11 19 10 0 0 8 0 17 8 5 15 0 9 0 0 9 9 9 4 5 12 10 8 0 0 5 10 8 11 0 0 0 12 8 12 0 0 15 11 16 11 11 0 8 0 9 10 10 4 5 12 12 16 16 4 11 12 12 0 0 5 0 0 0 9 12 0 5 15 0 0 11 4 11 8 19 16 15 10 11 9 1 11 12 11 0 0 8 0 1
9 0 4 0 10 8 0 8 11 0 9 9 11 11 12 15 8 19 9 10 9 8 15 19 9 10 4 9 0 17 12 0 10 11 0 10 11 17 10 9 17 5 8 8 0 15 15 12 0 0 4 0 10 8 12 0 11 10 10 11 16 5 0 10 12 9 4 15 16 8 0 0 0 8 10 10 5 0 10 9 11 10 0 0 10 0 0 9 8 11 0 11 4 0 0 11 5 17 5 0
10 11 15 5 10 18 16 8 8 0 0 0 11 12 15 5 8 10 0 10 11 12 0 0 0 0 15 0 0 12 9 9 0 11 12 0 10 0 12 11 0 10 0 10 9 15 12 8 9 0 8 10 17 2 0 11 0 0 16 18 12 0 0 0 5 16 5 0 0 0 12 10 0 8 0 16 15 10 0 4 8 18 12 10 16 0 10 0 0 0 2 16 18 0 0 9 10 11 9 0
11 11 0 8 12 17 11 10 8 12 8 10 0 0 11 9 9 10 11 11 4 0 10 15 5 8 0 2 0 0 0 11 0 9 12 0 0 16 8 8 9 2 16 17 0 5 1 0 16 10 2 2 12 9 12 10 12 12 8 0 4 0 8 0 10 5 18 9 5 0 11 0 0 8 0 0 0 9 4 0 15 8 8 0 9 10 0 0 11 10 2 8 16 0 18 8 0 0 15 9
10 10 1 4 0 11 10 8 0 17 10 10 12 12 10 9 10 0 10 17 0 10 10 12 0 16 19 0 10 0 4 9 10 0 0 9 10 10 0 0 0 12 12 10 10 12 0 0 15 8 10 11 0 0 8 10 4 8 15 10 15 16 0 0 12 10 12 12 0 0 1 0 0 0 2 11 0 11 8 15 0 12 9 0 12 0 0 9 2 9 0 17 0 0 0 0 10 10 9 9
11 10 0 10 15 16 1 11 11 0 12 12 0 11 8 0 11 0 0 0 11 11 15 0 10 0 11 16 12 0 12 12 8 10 8 9 0 0 0 1 0 9 15 8 9 0 10 9 16 8 0 1 0 12 4 16 5 0 5 9 0 12 0 15 0 11 15 5 12 0 10 2 4 10 10 10 11 10 18 8 12 0 15 0 5 5 4 11 0 0 0 0 10 10 0 12 0 15 1 12
0 0 0 10 0 12 11 12 5 10 10 12 11 8 10 4 10 1 12 12 10 18 12 9 0 0 12 0 0 0 9 12 12 1 0 15 4 11 8 16 16 4 9 0 4 0 5 17 16 9 10 9 0 0 9 11 9 16 5 0 12 5 8 15 1 0 8 0 8 5 16 5 10 0 17 17 4 0 12 8 9 15 0 0 11 16 11 11 12 8 15 15 0 0 5 9 17 9 0 4
0 8 15 4 16 5 10 9 8 11 8 10 0 10 11 15 11 0 0 9 10 0 0 9 1 2 5 16 8 12 0 15 0 0 0 12 12 11 4 11 0 8 18 0 8 5 10 11 0 11 17 11 4 5 0 4 0 15 0 15 18 19 10 8 8 9 0 10 8 16 12 10 0 10 12 9 11 0 10 0 0 0 0 0 0 4 9 15 5 0 0 12 0 10 12 10 10 10 11 0
16 0 0 0 10 0 15 9 11 11 8 0 1 0 0 16 0 15 0 0 8 0 18 4 0 0 0 15 16 5 0 11 0 9 12 12 12 9 0 0 9 0 12 19 11 12 17 2 12 12 0 12 0 12 19 11 15 0 8 10 0 9 0 0 0 9 12 1 12 0 15 16 12 8 19 16 8 10 16 9 12 5 11 0 0 11 11 1 11 0 8 0 2 11 15 4 15 17 8 0
0 5 0 0 8 0 0 8 0 9 0 9 10 10 15 8 0 8 8 0 5 0 0 15 0 10 0 12 10 10 11 8 11 16 0 10 0 16 8 10 11 0 0 0 15 9 8 10 0 9 9 10 17 4 10 12 11 17 17 0 0 16 0 2 2 5 17 8 16 4 11 5 12 11 0 0 19 0 0 10 0 5 16 4 11 0 0 0 15 8 12 10 12 0 8 2 8 9 0 12
0 0 12 12 8 17 0 10 12 16 0 8 0 8 11 8 10 18 0 18 0 0 2 15 8 0 11 12 9 15 0 0 0 12 4 0 9 1 0 10 11 0 0 1 8 11 0 0 0 8 0 19 11 16 0 2 8 8 9 11 10 2 10 5 9 10 8 11 8 10 12 16 15 0 1 11 16 0 10 0 0 4 11 9 11 0 0 10 0 10 0 0 0 9 5 16 17 8 0 12
9 11 0 9 2 0 0 9 0 0 10 9 10 12 8 11 0 0 17 10 8 16 5 0 10 16 12 16 8 0 8 8 9 0 12 10 0 10 0 0 8 0 12 0 1 5 5 10 5 17 11 0 10 0 8 10 10 5 9 8 0 0 10 8 0 0 9 0 0 4 2 15 8 10 5 0 15 9 0 0 9 11 11 15 1 0 10 0 9 2 8 15 0 0 8 12 10 0 10 0
0 16 9 12 0 9 4 8 17 12 12 12 0 10 12 0 4 0 0 0 12 9 8 16 12 12 9 11 8 0 0 0 16 11 0 1 12 0 5 0 11 12 8 0 4 10 0 0 0 11 12 8 4 9 0 0 18 9 8 0 17 0 12 5 8 12 0 11 10 15 0 0 0 8 4 18 10 8 0 11 2 0 12 5 11 15 0 9 0 0 0 0 15 0 9 10 11 9 0 0
9 2 9 0 11 11 8 0 10 0 0 11 17 0 0 0 10 0 12 12 12 0 15 9 11 12 16 17 8 12 8 15 18 5 11 0 11 0 11 0 0 10 4 4 0 0 9 11 0 12 10 12 11 0 8 16 11 0 0 0 0 12 0 0 0 16 12 17 5 18 9 0 0 17 12 8 11 11 0 10 9 0 8 0 0 8 10 2 0 0 9 9 10 0 0 9 12 16 16 9
10 0 0 18 0 0 8 8 0 0 0 0 11 15 18 10 11 17 0 9 8 0 2 0 9 4 11 0 11 15 0 15 12 0 11 8 16 9 0 11 10 11 4 0 8 8 16 15 0 17 12 15 0 18 9 0 0 0 17 10 0 16 0 0 8 9 8 10 9 0 0 10 0 11 10 11 9 0 2 2 0 0 15 0 8 12 0 8 0 9 0 0 11 9 9 10 11 4 0 0
0 10 0 18 12 5 1 10 0 11 11 12 12 0 0 0 10 4 4 12 12 0 9 11 9 17 18 11 17 11 0 0 0 12 11 9 0 0 5 12 0 4 8 9 15 8 17 11 12 16 0 16 1 8 10 9 12 11 5 0 5 4 17 0 9 0 2 9 9 0 2 2 0 5 12 15 1 11 16 8 17 0 15 12 0 10 0 15 0 9 0 0 11 0 10 4 17 5 9 15
0 0 15 15 17 0 18 16 10 0 4 5 8 12 5 0 0 16 9 12 11 0 16 17 5 10 17 4 8 15 0 18 9 8 0 8 0 0 0 10 12 10 0 10 10 8 8 0 0 5 12 10 0 12 0 2 9 5 0 1 9 0 11 0 12 16 12 9 11 9 0 0 0 12 8 8 11 4 18 16 0 10 0 0 2 12 0 0 15 10 11 11 0 16 9 0 12 4 9 10
0 12 0 9 0 9 4 18 9 9 18 16 0 17 9 10 4 11 18 1 11 8 5 8 0 11 10 11 5 0 0 15 0 10 10 16 9 11 17 11 15 0 18 0 16 0 5 19 16 9 8 9 16 0 0 15 18 9 9 12 0 0 9 16 8 8 10 8 12 0 0 5 15 4 17 16 12 0 0 0 0 10 0 10 11 0 9 0 0 0 9 0 16 0 17 8 0 0 0 10
0 0 8 12 0 15 5 12 0 0 12 9 0 12 8 4 4 9 0 11 16 19 0 10 0 11 0 10 10 9 9 2 16 9 0 11 10 10 10 4 15 0 0 10 0 19 0 19 15 10 9 11 0 15 8 0 5 0 9 11 11 15 5 0 2 9 10 10 18 11 4 0 12 2 2 12 11 0 0 18 0 0 5 12 15 8 5 8 9 0 9 10 9 17 0 5 9 11 8 18
0 8 2 0 0 0 5 5 12 15 4 16 15 10 9 10 0 9 0 8 19 9 0 0 16 5 11 15 10 0 4 8 10 0 0 0 10 5 18 11 0 0 17 5 0 2 5 4 0 8 4 0 0 4 11 0 12 9 0 4 9 9 11 5 0 15 9 9 0 19 0 12 8 11 9 5 0 11 9 8 0 12 9 10 4 2 16 12 10 9 10 4 0 8 5 0 9 12 11 0
0 0 0 8 15 11 0 8 11 17 11 4 16 2 0 12 11 8 10 10 15 10 0 0 16 18 0 8 12 8 12 11 12 9 11 12 0 16 5 10 0 10 15 10 0 8 4 1 5 11 5 19 15 0 0 10 0 8 0 0 0 17 4 8 11 9 9 5 8 15 10 19 10 12 11 0 0 5 10 0 10 0 17 10 15 8 17 10 11 12 11 17 12 0 9 9 0 10 9 16
0 0 12 9 12 9 0 10 12 11 11 12 10 12 0 2 15 11 16 17 12 9 0 0 11 0 11 9 0 8 10 10 10 9 11 8 4 0 18 0 2 10 18 11 0 16 17 8 0 8 12 19 0 11 0 10 8 0 8 20 0 10 16 8 0 18 0 8 1 15 1 5 2 0 11 11 8 17 11 0 10 15 9 10 17 9 8 0 9 16 4 5 4 0 11 12 10 0 5 16
0 9 0 2 10 0 9 9 4 1 10 0 0 10 9 2 4 0 0 0 0 0 9 8 12 10 0 0 17 12 12 5 19 15 8 16 0 8 5 10 5 11 0 12 11 9 0 9 8 10 0 17 0 12 15 11 8 8 15 0 0 0 16 0 9 0 10 17 0 8 0 0 12 8 9 0 0 5 9 15 9 1 0 11 8 0 0 10 0 16 0 9 9 0 8 11 9 5 0 11
0 15 0 11 10 1 11 18 15 0 0 8 2 8 12 0 4 5 12 8 8 0 9 15 10 18 4 0 0 17 5 17 4 16 9 10 0 9 10 0 1 0 16 0 0 9 9 10 0 12 10 8 5 16 0 0 12 11 10 9 9 0 4 12 0 17 1 0 8 4 0 15 9 4 9 11 1 0 0 9 9 12 4 0 0 12 12 0 0 9 0 15 10 10 18 0 16 16 11 0
