0 8 0 4 10 14 13 15 14 4 15 0 13 6 0 5 0 13 0 13 10 13 13 0 10 13 12 0 0 0
8 0 0 0 0 15 14 8 5 17 10 10 0 13 10 2 0 0 8 14 0 0 3 11 10 19 10 0 0 10
0 0 0 15 10 10 0 11 12 15 4 0 0 6 2 6 13 15 4 12 12 6 14 6 11 8 15 6 8 11
4 0 15 0 19 13 3 15 4 0 10 0 10 0 8 15 2 13 15 8 11 11 0 4 14 6 17 5 0 18
10 0 10 19 0 14 4 11 11 10 14 13 6 12 0 0 14 14 11 16 2 14 0 13 10 10 6 14 13 0
14 15 10 13 14 0 5 0 15 16 15 3 0 13 18 11 11 16 3 6 14 13 10 0 11 8 12 0 10 6
13 14 0 3 4 5 0 5 0 19 13 14 12 3 8 14 12 0 11 0 8 4 10 0 13 0 17 12 11 0
15 8 11 15 11 0 5 0 10 10 0 8 4 12 12 12 10 6 13 4 12 0 14 8 0 18 14 0 0 8
14 5 12 4 11 15 0 10 0 0 11 17 0 11 5 0 8 13 12 15 15 8 10 11 12 12 8 14 0 15
4 17 15 0 10 16 19 10 0 0 0 12 16 8 6 0 6 0 5 10 8 14 4 13 16 10 10 2 15 11
15 10 4 10 14 15 13 0 11 0 0 13 6 10 13 12 19 10 11 3 13 11 10 0 8 10 0 17 10 16
0 10 0 0 13 3 14 8 17 12 13 0 12 12 10 18 0 18 0 11 14 15 4 6 4 8 0 0 14 16
13 0 0 10 6 0 12 4 0 16 6 12 0 13 18 3 14 0 8 15 0 10 10 13 3 10 13 13 6 18
6 13 6 0 12 13 3 12 11 8 10 12 13 0 18 2 10 15 11 16 0 11 2 13 0 0 4 11 14 11
0 10 2 8 0 18 8 12 5 6 13 10 18 18 0 8 4 14 0 5 0 5 11 12 10 0 5 12 4 10
5 2 6 15 0 11 14 12 0 0 12 18 3 2 8 0 12 13 6 0 16 0 17 0 13 0 13 13 0 0
0 0 13 2 14 11 12 10 8 6 19 0 14 10 4 12 0 4 0 10 0 4 4 16 6 0 4 6 12 16
13 0 15 13 14 16 0 6 13 0 10 18 0 15 14 13 4 0 10 0 8 15 0 12 13 10 13 13 0 18
0 8 4 15 11 3 11 13 12 5 11 0 8 11 0 6 0 10 0 17 14 10 11 0 15 0 0 16 4 12
13 14 12 8 16 6 0 4 15 10 3 11 15 16 5 0 10 0 17 0 4 11 12 0 10 8 5 11 8 18
10 0 12 11 2 14 8 12 15 8 13 14 0 0 0 16 0 8 14 4 0 6 8 10 17 11 0 0 15 6
13 0 6 11 14 13 4 0 8 14 11 15 10 11 5 0 4 15 10 11 6 0 0 0 12 8 13 12 12 3
13 3 14 0 0 10 10 14 10 4 10 4 10 2 11 17 4 0 11 12 8 0 0 14 15 0 6 10 12 8
0 11 6 4 13 0 0 8 11 13 0 6 13 13 12 0 16 12 0 0 10 0 14 0 12 0 5 12 5 0
10 10 11 14 10 11 13 0 12 16 8 4 3 0 10 13 6 13 15 10 17 12 15 12 0 10 8 3 18 12
13 19 8 6 10 8 0 18 12 10 10 8 10 0 0 0 0 10 0 8 11 8 0 0 10 0 2 0 5 0
12 10 15 17 6 12 17 14 8 10 0 0 13 4 5 13 4 13 0 5 0 13 6 5 8 2 0 18 13 16
0 0 6 5 14 0 12 0 14 2 17 0 13 11 12 13 6 13 16 11 0 12 10 12 3 0 18 0 5 8
0 0 8 0 13 10 11 0 0 15 10 14 6 14 4 0 12 0 4 8 15 12 12 5 18 5 13 5 0 16
0 10 11 18 0 6 0 8 15 11 16 16 18 11 10 0 16 18 12 18 6 3 8 0 12 0 16 8 16 0
